I      dI  g_energy    g_energy_err    from_lvl    to_lvl
-	    -	86.8    -	87.1	0
7	    -	155.5   2	155.57	0
2.9	    -	362.1	2	517.68	155.57
0.07	-	430.7   3	517.68	87.1
0.36	-	517.3   3	517.68	0
1.49	-	483.2   3	1001.1	517.68
1.66	-	845.5	3	1001.1	155.57
0.11	-	1001.1	4	1001.1	0
0.53	-	1168.2	4	1324.01	155.57
0.14	-	1237	4	1324.01	87.1
0.22	-	1324.1	3	1324.01	    0
0.07	2	2265.9	8	2353	87.1
0.3 	3	2353.1	4	2353	0
0.23	2	2540.9	4	2696.3	155.57
0.11	2	2696.8	8	2696.3	0
0.01	1	3237.4	24	3237	0
0.04	2	3128.5	24	3283.6	155.57
0.04	2	3115.1	23	3632.9	517.68
0.13	1	3476.9	4   3632.9	155.57
0.02	1	3221.6	14	3739.6	517.68
0.13	1	3584	4   3739.6	155.57
0.1	    1	3652.1	7   3739.6	87.1
0.11	2	3740.3	7   3739.6	0
0.03	1	3900    12	4055	155.57
0.04	1	4055.7	12	4055	0
0.01	1	4176	3	4331	155.57
0.03	1	4331.9	8   4331	0
0.04	1	4460.8	12	4459.9	0
0.12	2	2379.2	8	6838.7	4459.9
0.12	2	2784	6	6838.7	4055
0.48	6	3099.4	5	6838.7	3739.6
0.26	2	3205.6	3	6838.7	3632.9
0.08	1	3555	7	6838.7	3283.6
0.04	1	3601.5	9	6838.7	3237
0.46	5	4142.5	4	6838.7	2696.3
0.36	3	4485.7	4	6838.7	2353
1.7	    10	5514.64	-	6838.7	1324.01
6.5	    5	5837.03	-	6838.7	1001.1
4.1	    3	6320.3	3	6838.7	517.68
1.5	    8	6682.63	-	6838.7	155.57
86	    6	6838.16	-	6838.7	0
0       0   68.0    5   155.57  87.1
0       0   805.8   2   1324.01 517.68
0       0   2178.18 2   2696.3  517.68
0       0   1371.3  2   2696.3  1324.01
0       0   2632.5  2   3632.9  1001.1
0       0   454.6   2   3739.6  3283.6
